[0, 1, 14, 14, 4]
[0, 1, 14, 11, 7]
[0, 1, 14, 11, 7]
[0, 14, 4, 6, 9]
[0, 14, 4, 6, 9]
[0, 11, 7, 6, 9]
[0, 14, 11, 8]
[0, 14, 11, 8]
[0, 14, 4, 7, 8]
[0, 14, 4, 7, 8]
[0, 1, 14, 4, 6, 8]
[0, 1, 14, 4, 6, 8]
[0, 1, 11, 7, 6, 8]
[0, 1, 4, 11, 9, 8]
[0, 1, 4, 11, 7, 10]
[0, 14, 9, 10]
[0, 14, 9, 10]
[0, 1, 7, 6, 9, 10]
[0, 1, 14, 8, 10]
[0, 1, 14, 8, 10]
[0, 4, 11, 8, 10]
[0, 6, 9, 8, 10]
[0, 1, 4, 11, 7, 10]
[0, 14, 9, 10]
[0, 14, 9, 10]
[0, 1, 7, 6, 9, 10]
[0, 1, 14, 8, 10]
[0, 1, 14, 8, 10]
[0, 4, 11, 8, 10]
[0, 6, 9, 8, 10]
[0, 7, 6, 10, 10]
[0, 4, 9, 10, 10]
[0, 1, 4, 8, 10, 10]
[0, 14, 14, 5]
[0, 1, 14, 7, 6, 5]
[0, 1, 14, 7, 6, 5]
[0, 4, 11, 7, 6, 5]
[0, 1, 14, 4, 9, 5]
[0, 1, 14, 4, 9, 5]
[0, 1, 11, 7, 9, 5]
[0, 14, 6, 8, 5]
[0, 14, 6, 8, 5]
[0, 11, 9, 8, 5]
[0, 4, 7, 9, 8, 5]
[0, 1, 4, 6, 9, 8, 5]
[0, 14, 4, 10, 5]
[0, 14, 4, 10, 5]
[0, 11, 7, 10, 5]
[0, 1, 11, 6, 10, 5]
[0, 1, 4, 7, 6, 10, 5]
[0, 4, 6, 8, 10, 5]
[0, 1, 9, 8, 10, 5]
[0, 14, 4, 10, 5]
[0, 14, 4, 10, 5]
[0, 11, 7, 10, 5]
[0, 1, 11, 6, 10, 5]
[0, 1, 4, 7, 6, 10, 5]
[0, 4, 6, 8, 10, 5]
[0, 1, 9, 8, 10, 5]
[0, 1, 7, 10, 10, 5]
[0, 8, 10, 10, 5]
[0, 14, 6, 13]
[0, 14, 6, 13]
[0, 11, 9, 13]
[0, 4, 7, 9, 13]
[0, 1, 4, 6, 9, 13]
[0, 1, 11, 8, 13]
[0, 1, 4, 7, 8, 13]
[0, 4, 6, 10, 13]
[0, 1, 9, 10, 13]
[0, 4, 6, 10, 13]
[0, 1, 9, 10, 13]
[0, 10, 10, 13]
[0, 1, 14, 5, 13]
[0, 1, 14, 5, 13]
[0, 4, 11, 5, 13]
[0, 6, 9, 5, 13]
[0, 7, 8, 5, 13]
[0, 1, 6, 8, 5, 13]
[0, 1, 4, 10, 5, 13]
[0, 1, 4, 10, 5, 13]
[0, 14, 11, 6, 2]
[0, 14, 11, 6, 2]
[0, 14, 4, 7, 6, 2]
[0, 14, 4, 7, 6, 2]
[0, 1, 14, 7, 9, 2]
[0, 1, 14, 7, 9, 2]
[0, 4, 11, 7, 9, 2]
[0, 1, 4, 11, 6, 9, 2]
[0, 1, 4, 11, 7, 8, 2]
[0, 14, 9, 8, 2]
[0, 14, 9, 8, 2]
[0, 1, 7, 6, 9, 8, 2]
[0, 14, 7, 10, 2]
[0, 14, 7, 10, 2]
[0, 1, 14, 6, 10, 2]
[0, 1, 14, 6, 10, 2]
[0, 4, 11, 6, 10, 2]
[0, 1, 11, 9, 10, 2]
[0, 1, 4, 7, 9, 10, 2]
[0, 7, 6, 8, 10, 2]
[0, 4, 9, 8, 10, 2]
[0, 14, 7, 10, 2]
[0, 14, 7, 10, 2]
[0, 1, 14, 6, 10, 2]
[0, 1, 14, 6, 10, 2]
[0, 4, 11, 6, 10, 2]
[0, 1, 11, 9, 10, 2]
[0, 1, 4, 7, 9, 10, 2]
[0, 7, 6, 8, 10, 2]
[0, 4, 9, 8, 10, 2]
[0, 11, 10, 10, 2]
[0, 4, 7, 10, 10, 2]
[0, 1, 4, 6, 10, 10, 2]
[0, 1, 14, 11, 5, 2]
[0, 1, 14, 11, 5, 2]
[0, 1, 14, 4, 7, 5, 2]
[0, 1, 14, 4, 7, 5, 2]
[0, 11, 6, 9, 5, 2]
[0, 4, 7, 6, 9, 5, 2]
[0, 14, 4, 8, 5, 2]
[0, 14, 4, 8, 5, 2]
[0, 11, 7, 8, 5, 2]
[0, 1, 11, 6, 8, 5, 2]
[0, 1, 4, 7, 6, 8, 5, 2]
[0, 1, 4, 11, 10, 5, 2]
[0, 7, 9, 10, 5, 2]
[0, 1, 6, 9, 10, 5, 2]
[0, 1, 7, 8, 10, 5, 2]
[0, 1, 4, 11, 10, 5, 2]
[0, 7, 9, 10, 5, 2]
[0, 1, 6, 9, 10, 5, 2]
[0, 1, 7, 8, 10, 5, 2]
[0, 6, 10, 10, 5, 2]
[0, 14, 4, 13, 2]
[0, 14, 4, 13, 2]
[0, 11, 7, 13, 2]
[0, 1, 11, 6, 13, 2]
[0, 1, 4, 7, 6, 13, 2]
[0, 4, 6, 8, 13, 2]
[0, 1, 9, 8, 13, 2]
[0, 1, 7, 10, 13, 2]
[0, 8, 10, 13, 2]
[0, 1, 7, 10, 13, 2]
[0, 8, 10, 13, 2]
[0, 7, 6, 5, 13, 2]
[0, 4, 9, 5, 13, 2]
[0, 1, 4, 8, 5, 13, 2]
[0, 1, 14, 4, 11, 3]
[0, 1, 14, 4, 11, 3]
[0, 14, 7, 9, 3]
[0, 14, 7, 9, 3]
[0, 1, 14, 6, 9, 3]
[0, 1, 14, 6, 9, 3]
[0, 4, 11, 6, 9, 3]
[0, 1, 14, 7, 8, 3]
[0, 1, 14, 7, 8, 3]
[0, 4, 11, 7, 8, 3]
[0, 1, 4, 11, 6, 8, 3]
[0, 7, 6, 9, 8, 3]
[0, 14, 6, 10, 3]
[0, 14, 6, 10, 3]
[0, 11, 9, 10, 3]
[0, 4, 7, 9, 10, 3]
[0, 1, 4, 6, 9, 10, 3]
[0, 1, 11, 8, 10, 3]
[0, 1, 4, 7, 8, 10, 3]
[0, 14, 6, 10, 3]
[0, 14, 6, 10, 3]
[0, 11, 9, 10, 3]
[0, 4, 7, 9, 10, 3]
[0, 1, 4, 6, 9, 10, 3]
[0, 1, 11, 8, 10, 3]
[0, 1, 4, 7, 8, 10, 3]
[0, 4, 6, 10, 10, 3]
[0, 1, 9, 10, 10, 3]
[0, 14, 11, 5, 3]
[0, 14, 11, 5, 3]
[0, 14, 4, 7, 5, 3]
[0, 14, 4, 7, 5, 3]
[0, 1, 14, 4, 6, 5, 3]
[0, 1, 14, 4, 6, 5, 3]
[0, 1, 11, 7, 6, 5, 3]
[0, 1, 4, 11, 9, 5, 3]
[0, 11, 6, 8, 5, 3]
[0, 4, 7, 6, 8, 5, 3]
[0, 1, 7, 9, 8, 5, 3]
[0, 1, 14, 10, 5, 3]
[0, 1, 14, 10, 5, 3]
[0, 4, 11, 10, 5, 3]
[0, 6, 9, 10, 5, 3]
[0, 7, 8, 10, 5, 3]
[0, 1, 6, 8, 10, 5, 3]
[0, 1, 14, 10, 5, 3]
[0, 1, 14, 10, 5, 3]
[0, 4, 11, 10, 5, 3]
[0, 6, 9, 10, 5, 3]
[0, 7, 8, 10, 5, 3]
[0, 1, 6, 8, 10, 5, 3]
[0, 1, 4, 10, 10, 5, 3]
[0, 11, 6, 13, 3]
[0, 4, 7, 6, 13, 3]
[0, 1, 7, 9, 13, 3]
[0, 9, 8, 13, 3]
[0, 7, 10, 13, 3]
[0, 1, 6, 10, 13, 3]
[0, 7, 10, 13, 3]
[0, 1, 6, 10, 13, 3]
[0, 1, 11, 5, 13, 3]
[0, 1, 4, 7, 5, 13, 3]
[0, 4, 8, 5, 13, 3]
[0, 14, 14, 2, 3]
[0, 1, 14, 7, 6, 2, 3]
[0, 1, 14, 7, 6, 2, 3]
[0, 4, 11, 7, 6, 2, 3]
[0, 1, 14, 4, 9, 2, 3]
[0, 1, 14, 4, 9, 2, 3]
[0, 1, 11, 7, 9, 2, 3]
[0, 14, 6, 8, 2, 3]
[0, 14, 6, 8, 2, 3]
[0, 11, 9, 8, 2, 3]
[0, 4, 7, 9, 8, 2, 3]
[0, 1, 4, 6, 9, 8, 2, 3]
[0, 14, 4, 10, 2, 3]
[0, 14, 4, 10, 2, 3]
[0, 11, 7, 10, 2, 3]
[0, 1, 11, 6, 10, 2, 3]
[0, 1, 4, 7, 6, 10, 2, 3]
[0, 4, 6, 8, 10, 2, 3]
[0, 1, 9, 8, 10, 2, 3]
[0, 14, 4, 10, 2, 3]
[0, 14, 4, 10, 2, 3]
[0, 11, 7, 10, 2, 3]
[0, 1, 11, 6, 10, 2, 3]
[0, 1, 4, 7, 6, 10, 2, 3]
[0, 4, 6, 8, 10, 2, 3]
[0, 1, 9, 8, 10, 2, 3]
[0, 1, 7, 10, 10, 2, 3]
[0, 8, 10, 10, 2, 3]
[0, 1, 4, 11, 7, 5, 2, 3]
[0, 14, 9, 5, 2, 3]
[0, 14, 9, 5, 2, 3]
[0, 1, 7, 6, 9, 5, 2, 3]
[0, 1, 14, 8, 5, 2, 3]
[0, 1, 14, 8, 5, 2, 3]
[0, 4, 11, 8, 5, 2, 3]
[0, 6, 9, 8, 5, 2, 3]
[0, 7, 6, 10, 5, 2, 3]
[0, 4, 9, 10, 5, 2, 3]
[0, 1, 4, 8, 10, 5, 2, 3]
[0, 7, 6, 10, 5, 2, 3]
[0, 4, 9, 10, 5, 2, 3]
[0, 1, 4, 8, 10, 5, 2, 3]
[0, 1, 14, 13, 2, 3]
[0, 1, 14, 13, 2, 3]
[0, 4, 11, 13, 2, 3]
[0, 6, 9, 13, 2, 3]
[0, 7, 8, 13, 2, 3]
[0, 1, 6, 8, 13, 2, 3]
[0, 1, 4, 10, 13, 2, 3]
[0, 1, 4, 10, 13, 2, 3]
[0, 4, 6, 5, 13, 2, 3]
[0, 1, 9, 5, 13, 2, 3]
[0, 10, 5, 13, 2, 3]
[0, 10, 5, 13, 2, 3]
[0, 14, 4, 15]
[0, 14, 4, 15]
[0, 11, 7, 15]
[0, 1, 11, 6, 15]
[0, 1, 4, 7, 6, 15]
[0, 4, 6, 8, 15]
[0, 1, 9, 8, 15]
[0, 1, 7, 10, 15]
[0, 8, 10, 15]
[0, 1, 7, 10, 15]
[0, 8, 10, 15]
[0, 7, 6, 5, 15]
[0, 4, 9, 5, 15]
[0, 1, 4, 8, 5, 15]
[0, 1, 4, 13, 15]
[0, 5, 13, 15]
[0, 1, 4, 11, 2, 15]
[0, 7, 9, 2, 15]
[0, 1, 6, 9, 2, 15]
[0, 1, 7, 8, 2, 15]
[0, 6, 10, 2, 15]
[0, 6, 10, 2, 15]
[0, 11, 5, 2, 15]
[0, 4, 7, 5, 2, 15]
[0, 1, 4, 6, 5, 2, 15]
[0, 1, 10, 5, 2, 15]
[0, 1, 10, 5, 2, 15]
[0, 1, 14, 3, 15]
[0, 1, 14, 3, 15]
[0, 4, 11, 3, 15]
[0, 6, 9, 3, 15]
[0, 7, 8, 3, 15]
[0, 1, 6, 8, 3, 15]
[0, 1, 4, 10, 3, 15]
[0, 1, 4, 10, 3, 15]
[0, 4, 6, 5, 3, 15]
[0, 1, 9, 5, 3, 15]
[0, 10, 5, 3, 15]
[0, 10, 5, 3, 15]
[0, 7, 6, 2, 3, 15]
[0, 4, 9, 2, 3, 15]
[0, 1, 4, 8, 2, 3, 15]
[0, 1, 7, 5, 2, 3, 15]
[0, 8, 5, 2, 3, 15]
[0, 13, 2, 3, 15]
